
rs =1.98; 
Lms = 641e-6;
Ll = 344.5200e-6;
Llm = 38e-6;

L0 = Ll + 1.5*Lms; 
L1 =  (sqrt(3)* Llm + 1.5 *Lms);
L2 =  2*Llm + 1.5*Lms;
Phi_f =0.03;
f = 50; 
P = 6; 
Tm = 1; 
J = 0.275e-3;

Kp = 0.05;
Ki = 1;